Cholesky transformation:

    4.3303
    3.6795
    0.1222
   -0.1289
   -0.0563
    0.0301
   -0.3644
    0.1396
   -0.2783
    0.2572
   -0.0138
    6.3881
    6.4377
    0.2313
   -0.2087
   -0.0649
    0.0663
   -0.6097
    0.2754
   -0.4003
    0.5133
   -0.0873

Do nothing with residual covariance:

4.24161
3.77592
0.133811
-0.159447
-0.047505
0.0732863
-0.392477
0.116734
-0.254023
0.27611
-0.0236845
6.30253
6.52781
0.242189
-0.25199
-0.0493908
0.116883
-0.647668
0.240088
-0.363649
0.542935
-0.0888299

Correct for missing data:

4.23418
3.76571
0.133478
-0.156007
-0.0450597
0.0696712
-0.388062
0.120256
-0.253365
0.280067
-0.0282378
6.29748
6.52408
0.241809
-0.249179
-0.0470066
0.113863
-0.643762
0.242807
-0.362609
0.546564
-0.0927066

